rebvo:
  global:
    VideoNetEnabled: true
    VideoNetHost: 127.0.0.1
    VideoNetPort: 2708
    BlockingUDP: false
    SaveLog: true
    LogFile: rebvo_log.m
    TrayFile: rebvo_tray.txt

  Camera:
    ZfX: 190.97847715128717
    ZfY: 190.9733070521226
    PPx: 254.93170605935475
    PPy: 256.8974428996504
    KcR2: 0.0034823894022493434
    KcR4: 0.0007150348452162257
    KcR6: 0
    KcP1: -0.0020532361418706202
    KcP2: 0.00020293673591811182
    ImageWidth: 512
    ImageHeight: 512
    FPS: 20
    UseUndistort: false
    Rotate180: false

  imu:
    transCam2Imu: [0.04727988224914392, -0.047443232143367084, -0.0681999605066297]
    rotCam2Imu:      [-0.9995250378696743, 0.029615343885863205, -0.008522328211654736,
                 0.0075019185074052044, -0.03439736061393144, -0.9993800792498829,
                 -0.02989013031643309, -0.998969345370175, 0.03415885127385616]
    ImuMode: 2
    SampleTime: 0.005
    TimeDesinc: 0.000126788
    InitBias: true
    InitBiasFrameNum: 10
    BiasHintX: -1.303
    BiasHintY: -0.391441
    BiasHintZ: 0.380509
    g_module: 9.8
    GiroMeasStdDev: 0.00016
    GiroBiasStdDev: 0.000022
    AcelMeasStdDev: 0.0028
    g_module_uncer: 0.2e3
    g_uncert: 2e-3
    VBiasStdDev: 1e-7
    CircBufferSize: 1000
    ScaleStdDevMult: 1e-2
    ScaleStdDevMax: 1e-4
    ScaleStdDevInit: 1.2e-3


  Detector:
    Sigma0: 3.56359
    KSigma: 1.2599
    ReferencePoints: 12000
    MaxPoints: 40000
    TrackPoints: 12000
    DetectorThresh: 0.01
    DetectorAutoGain: 5e-6
    DetectorMaxThresh: 0.55
    DetectorMinThresh: 0.001
    DetectorPlaneFitSize: 2
    DetectorPosNegThresh: 0.4
    DetectorDoGThresh: 0.095259868922420

  TrackMaper:

    SearchRange: 40
    QCutOffNumBins: 100
    QCutOffQuantile: 0.9
    TrackerIterNum: 5
    TrackerInitType: 0
    TrackerInitIterNum: 2
    TrackerMatchThresh: 0.5
    MatchThreshModule: 1
    MatchThreshAngle: 45
    MatchNumThresh: 0
    ReweigthDistance: 2
    RegularizeThresh: 0.5
    LocationUncertaintyMatch: 2
    ReshapeQAbsolute: 1e-4
    ReshapeQRelative: 1.6968e-04
    LocationUncertainty: 1
    DoReScaling: false
    GlobalMatchThreshold: 500

  ProcesorConfig:
    SetAffinity: true
    CamaraT1: 1
    CamaraT2: 2
    CamaraT3: 3

